Symmetries of Al

Number of Crystal Symmetries: 192

Identity : x, y, z [[0 0 0]]
[[1 0 0 0]
 [0 1 0 0]
 [0 0 1 0]]

3+ [111] : z, x, y [[0 0 0]]
[[0 0 1 0]
 [1 0 0 0]
 [0 1 0 0]]

3- [111] : y, z, x [[0 0 0]]
[[0 1 0 0]
 [0 0 1 0]
 [1 0 0 0]]

Inversion : -x, -y, -z [[0 0 0]]
[[-1  0  0  0]
 [ 0 -1  0  0]
 [ 0  0 -1  0]]

-3+ [111] : -z -x, -y [[0 0 0]]
[[ 0  0 -1  0]
 [-1  0  0  0]
 [ 0 -1  0  0]]

-3- [111] : -y, -z, -x [[0 0 0]]
[[ 0 -1  0  0]
 [ 0  0 -1  0]
 [-1  0  0  0]]

2 [001] : -x, -y, z [[0 0 0]]
[[-1  0  0  0]
 [ 0 -1  0  0]
 [ 0  0  1  0]]

2 [010] : -x, y, -z [[0 0 0]]
[[-1  0  0  0]
 [ 0  1  0  0]
 [ 0  0 -1  0]]

2 [100] : x, -y, -z [[0 0 0]]
[[ 1  0  0  0]
 [ 0 -1  0  0]
 [ 0  0 -1  0]]

3+ [1-1-1] : -z, -x, y [[0 0 0]]
[[ 0  0 -1  0]
 [-1  0  0  0]
 [ 0  1  0  0]]

3- [1-1-1] : -y, z, -x [[0 0 0]]
[[ 0 -1  0  0]
 [ 0  0  1  0]
 [-1  0  0  0]]

2 [110] : y, x, -z [[0 0 0]]
[[ 0  1  0  0]
 [ 1  0  0  0]
 [ 0  0 -1  0]]

2 [1-10] : -y, -x, -z [[0 0 0]]
[[ 0 -1  0  0]
 [-1  0  0  0]
 [ 0  0 -1  0]]

4+ [001] : -y, x, z [[0 0 0]]
[[ 0 -1  0  0]
 [ 1  0  0  0]
 [ 0  0  1  0]]

4- [001] : y, -x, z [[0 0 0]]
[[ 0  1  0  0]
 [-1  0  0  0]
 [ 0  0  1  0]]

m [001] : x, y, -z [[0 0 0]]
[[ 1  0  0  0]
 [ 0  1  0  0]
 [ 0  0 -1  0]]

-3+ [1-1-1] : x, y, z [[0 0 0]]
[[ 0  0  1  0]
 [ 1  0  0  0]
 [ 0 -1  0  0]]

-3- [1-1-1] : y, -z, x [[0 0 0]]
[[ 0  1  0  0]
 [ 0  0 -1  0]
 [ 1  0  0  0]]

m [110] : -y, -x, z [[0 0 0]]
[[ 0 -1  0  0]
 [-1  0  0  0]
 [ 0  0  1  0]]

m [1-10] : y, x, z [[0 0 0]]
[[0 1 0 0]
 [1 0 0 0]
 [0 0 1 0]]

-4+ [001] : y, -x, -z [[0 0 0]]
[[ 0  1  0  0]
 [-1  0  0  0]
 [ 0  0 -1  0]]

-4- [001] : x, y, z [[0 0 0]]
[[ 0 -1  0  0]
 [ 1  0  0  0]
 [ 0  0 -1  0]]

3+ [-11-1] : z, -x, -y [[0 0 0]]
[[ 0  0  1  0]
 [-1  0  0  0]
 [ 0 -1  0  0]]

3- [-11-1] : -y, -z, x [[0 0 0]]
[[ 0 -1  0  0]
 [ 0  0 -1  0]
 [ 1  0  0  0]]

2 [101] : z, -y, x [[0 0 0]]
[[ 0  0  1  0]
 [ 0 -1  0  0]
 [ 1  0  0  0]]

2 [-101] : -z, -y, -x [[0 0 0]]
[[ 0  0 -1  0]
 [ 0 -1  0  0]
 [-1  0  0  0]]

4+ [010] : z, y, -x [[0 0 0]]
[[ 0  0  1  0]
 [ 0  1  0  0]
 [-1  0  0  0]]

4- [010] : -z, y, x [[0 0 0]]
[[ 0  0 -1  0]
 [ 0  1  0  0]
 [ 1  0  0  0]]

m [010] : x, -y, z [[0 0 0]]
[[ 1  0  0  0]
 [ 0 -1  0  0]
 [ 0  0  1  0]]

-3+ [-11-1] : -z, x, y [[0 0 0]]
[[ 0  0 -1  0]
 [ 1  0  0  0]
 [ 0  1  0  0]]

-3- [-11-1] : y, z, -x [[0 0 0]]
[[ 0  1  0  0]
 [ 0  0  1  0]
 [-1  0  0  0]]

m [101] : -z, y, -x [[0 0 0]]
[[ 0  0 -1  0]
 [ 0  1  0  0]
 [-1  0  0  0]]

m [-101] : z, y, x [[0 0 0]]
[[0 0 1 0]
 [0 1 0 0]
 [1 0 0 0]]

-4+ [010] : -z, -y, x [[0 0 0]]
[[ 0  0 -1  0]
 [ 0 -1  0  0]
 [ 1  0  0  0]]

-4- [010] : z, -y, -x [[0 0 0]]
[[ 0  0  1  0]
 [ 0 -1  0  0]
 [-1  0  0  0]]

3+ [-1-11] : -z, x, -y [[0 0 0]]
[[ 0  0 -1  0]
 [ 1  0  0  0]
 [ 0 -1  0  0]]

3- [-1-11] : y, -z, -x [[0 0 0]]
[[ 0  1  0  0]
 [ 0  0 -1  0]
 [-1  0  0  0]]

2 [011] : -x, z, y [[0 0 0]]
[[-1  0  0  0]
 [ 0  0  1  0]
 [ 0  1  0  0]]

2 [01-1] : -x, -z, -y [[0 0 0]]
[[-1  0  0  0]
 [ 0  0 -1  0]
 [ 0 -1  0  0]]

4+ [100] : x, -z, y [[0 0 0]]
[[ 1  0  0  0]
 [ 0  0 -1  0]
 [ 0  1  0  0]]

4- [100] : x, z, -y [[0 0 0]]
[[ 1  0  0  0]
 [ 0  0  1  0]
 [ 0 -1  0  0]]

m [100] : -x, y, z [[0 0 0]]
[[-1  0  0  0]
 [ 0  1  0  0]
 [ 0  0  1  0]]

-3+ [-1-11] : z, -x, y [[0 0 0]]
[[ 0  0  1  0]
 [-1  0  0  0]
 [ 0  1  0  0]]

-3- [-1-11] : -y, z, x [[0 0 0]]
[[ 0 -1  0  0]
 [ 0  0  1  0]
 [ 1  0  0  0]]

m [011] : x, -z, -y [[0 0 0]]
[[ 1  0  0  0]
 [ 0  0 -1  0]
 [ 0 -1  0  0]]

m [01-1] : x, z, y [[0 0 0]]
[[1 0 0 0]
 [0 0 1 0]
 [0 1 0 0]]

-4+ [100] : -x, z, -y [[0 0 0]]
[[-1  0  0  0]
 [ 0  0  1  0]
 [ 0 -1  0  0]]

-4- [100] : -x, -z, y [[0 0 0]]
[[-1  0  0  0]
 [ 0  0 -1  0]
 [ 0  1  0  0]]

Identity : x, y, z [[0.  0.5 0.5]]
[[1.  0.  0.  0. ]
 [0.  1.  0.  0.5]
 [0.  0.  1.  0.5]]

3+ [111] : z, x, y [[0.  0.5 0.5]]
[[0.  0.  1.  0. ]
 [1.  0.  0.  0.5]
 [0.  1.  0.  0.5]]

3- [111] : y, z, x [[0.  0.5 0.5]]
[[0.  1.  0.  0. ]
 [0.  0.  1.  0.5]
 [1.  0.  0.  0.5]]

Inversion : -x, -y, -z [[0.  0.5 0.5]]
[[-1.   0.   0.   0. ]
 [ 0.  -1.   0.   0.5]
 [ 0.   0.  -1.   0.5]]

-3+ [111] : -z -x, -y [[0.  0.5 0.5]]
[[ 0.   0.  -1.   0. ]
 [-1.   0.   0.   0.5]
 [ 0.  -1.   0.   0.5]]

-3- [111] : -y, -z, -x [[0.  0.5 0.5]]
[[ 0.  -1.   0.   0. ]
 [ 0.   0.  -1.   0.5]
 [-1.   0.   0.   0.5]]

2 [001] : -x, -y, z [[0.  0.5 0.5]]
[[-1.   0.   0.   0. ]
 [ 0.  -1.   0.   0.5]
 [ 0.   0.   1.   0.5]]

2 [010] : -x, y, -z [[0.  0.5 0.5]]
[[-1.   0.   0.   0. ]
 [ 0.   1.   0.   0.5]
 [ 0.   0.  -1.   0.5]]

2 [100] : x, -y, -z [[0.  0.5 0.5]]
[[ 1.   0.   0.   0. ]
 [ 0.  -1.   0.   0.5]
 [ 0.   0.  -1.   0.5]]

3+ [1-1-1] : -z, -x, y [[0.  0.5 0.5]]
[[ 0.   0.  -1.   0. ]
 [-1.   0.   0.   0.5]
 [ 0.   1.   0.   0.5]]

3- [1-1-1] : -y, z, -x [[0.  0.5 0.5]]
[[ 0.  -1.   0.   0. ]
 [ 0.   0.   1.   0.5]
 [-1.   0.   0.   0.5]]

2 [110] : y, x, -z [[0.  0.5 0.5]]
[[ 0.   1.   0.   0. ]
 [ 1.   0.   0.   0.5]
 [ 0.   0.  -1.   0.5]]

2 [1-10] : -y, -x, -z [[0.  0.5 0.5]]
[[ 0.  -1.   0.   0. ]
 [-1.   0.   0.   0.5]
 [ 0.   0.  -1.   0.5]]

4+ [001] : -y, x, z [[0.  0.5 0.5]]
[[ 0.  -1.   0.   0. ]
 [ 1.   0.   0.   0.5]
 [ 0.   0.   1.   0.5]]

4- [001] : y, -x, z [[0.  0.5 0.5]]
[[ 0.   1.   0.   0. ]
 [-1.   0.   0.   0.5]
 [ 0.   0.   1.   0.5]]

m [001] : x, y, -z [[0.  0.5 0.5]]
[[ 1.   0.   0.   0. ]
 [ 0.   1.   0.   0.5]
 [ 0.   0.  -1.   0.5]]

-3+ [1-1-1] : x, y, z [[0.  0.5 0.5]]
[[ 0.   0.   1.   0. ]
 [ 1.   0.   0.   0.5]
 [ 0.  -1.   0.   0.5]]

-3- [1-1-1] : y, -z, x [[0.  0.5 0.5]]
[[ 0.   1.   0.   0. ]
 [ 0.   0.  -1.   0.5]
 [ 1.   0.   0.   0.5]]

m [110] : -y, -x, z [[0.  0.5 0.5]]
[[ 0.  -1.   0.   0. ]
 [-1.   0.   0.   0.5]
 [ 0.   0.   1.   0.5]]

m [1-10] : y, x, z [[0.  0.5 0.5]]
[[0.  1.  0.  0. ]
 [1.  0.  0.  0.5]
 [0.  0.  1.  0.5]]

-4+ [001] : y, -x, -z [[0.  0.5 0.5]]
[[ 0.   1.   0.   0. ]
 [-1.   0.   0.   0.5]
 [ 0.   0.  -1.   0.5]]

-4- [001] : x, y, z [[0.  0.5 0.5]]
[[ 0.  -1.   0.   0. ]
 [ 1.   0.   0.   0.5]
 [ 0.   0.  -1.   0.5]]

3+ [-11-1] : z, -x, -y [[0.  0.5 0.5]]
[[ 0.   0.   1.   0. ]
 [-1.   0.   0.   0.5]
 [ 0.  -1.   0.   0.5]]

3- [-11-1] : -y, -z, x [[0.  0.5 0.5]]
[[ 0.  -1.   0.   0. ]
 [ 0.   0.  -1.   0.5]
 [ 1.   0.   0.   0.5]]

2 [101] : z, -y, x [[0.  0.5 0.5]]
[[ 0.   0.   1.   0. ]
 [ 0.  -1.   0.   0.5]
 [ 1.   0.   0.   0.5]]

2 [-101] : -z, -y, -x [[0.  0.5 0.5]]
[[ 0.   0.  -1.   0. ]
 [ 0.  -1.   0.   0.5]
 [-1.   0.   0.   0.5]]

4+ [010] : z, y, -x [[0.  0.5 0.5]]
[[ 0.   0.   1.   0. ]
 [ 0.   1.   0.   0.5]
 [-1.   0.   0.   0.5]]

4- [010] : -z, y, x [[0.  0.5 0.5]]
[[ 0.   0.  -1.   0. ]
 [ 0.   1.   0.   0.5]
 [ 1.   0.   0.   0.5]]

m [010] : x, -y, z [[0.  0.5 0.5]]
[[ 1.   0.   0.   0. ]
 [ 0.  -1.   0.   0.5]
 [ 0.   0.   1.   0.5]]

-3+ [-11-1] : -z, x, y [[0.  0.5 0.5]]
[[ 0.   0.  -1.   0. ]
 [ 1.   0.   0.   0.5]
 [ 0.   1.   0.   0.5]]

-3- [-11-1] : y, z, -x [[0.  0.5 0.5]]
[[ 0.   1.   0.   0. ]
 [ 0.   0.   1.   0.5]
 [-1.   0.   0.   0.5]]

m [101] : -z, y, -x [[0.  0.5 0.5]]
[[ 0.   0.  -1.   0. ]
 [ 0.   1.   0.   0.5]
 [-1.   0.   0.   0.5]]

m [-101] : z, y, x [[0.  0.5 0.5]]
[[0.  0.  1.  0. ]
 [0.  1.  0.  0.5]
 [1.  0.  0.  0.5]]

-4+ [010] : -z, -y, x [[0.  0.5 0.5]]
[[ 0.   0.  -1.   0. ]
 [ 0.  -1.   0.   0.5]
 [ 1.   0.   0.   0.5]]

-4- [010] : z, -y, -x [[0.  0.5 0.5]]
[[ 0.   0.   1.   0. ]
 [ 0.  -1.   0.   0.5]
 [-1.   0.   0.   0.5]]

3+ [-1-11] : -z, x, -y [[0.  0.5 0.5]]
[[ 0.   0.  -1.   0. ]
 [ 1.   0.   0.   0.5]
 [ 0.  -1.   0.   0.5]]

3- [-1-11] : y, -z, -x [[0.  0.5 0.5]]
[[ 0.   1.   0.   0. ]
 [ 0.   0.  -1.   0.5]
 [-1.   0.   0.   0.5]]

2 [011] : -x, z, y [[0.  0.5 0.5]]
[[-1.   0.   0.   0. ]
 [ 0.   0.   1.   0.5]
 [ 0.   1.   0.   0.5]]

2 [01-1] : -x, -z, -y [[0.  0.5 0.5]]
[[-1.   0.   0.   0. ]
 [ 0.   0.  -1.   0.5]
 [ 0.  -1.   0.   0.5]]

4+ [100] : x, -z, y [[0.  0.5 0.5]]
[[ 1.   0.   0.   0. ]
 [ 0.   0.  -1.   0.5]
 [ 0.   1.   0.   0.5]]

4- [100] : x, z, -y [[0.  0.5 0.5]]
[[ 1.   0.   0.   0. ]
 [ 0.   0.   1.   0.5]
 [ 0.  -1.   0.   0.5]]

m [100] : -x, y, z [[0.  0.5 0.5]]
[[-1.   0.   0.   0. ]
 [ 0.   1.   0.   0.5]
 [ 0.   0.   1.   0.5]]

-3+ [-1-11] : z, -x, y [[0.  0.5 0.5]]
[[ 0.   0.   1.   0. ]
 [-1.   0.   0.   0.5]
 [ 0.   1.   0.   0.5]]

-3- [-1-11] : -y, z, x [[0.  0.5 0.5]]
[[ 0.  -1.   0.   0. ]
 [ 0.   0.   1.   0.5]
 [ 1.   0.   0.   0.5]]

m [011] : x, -z, -y [[0.  0.5 0.5]]
[[ 1.   0.   0.   0. ]
 [ 0.   0.  -1.   0.5]
 [ 0.  -1.   0.   0.5]]

m [01-1] : x, z, y [[0.  0.5 0.5]]
[[1.  0.  0.  0. ]
 [0.  0.  1.  0.5]
 [0.  1.  0.  0.5]]

-4+ [100] : -x, z, -y [[0.  0.5 0.5]]
[[-1.   0.   0.   0. ]
 [ 0.   0.   1.   0.5]
 [ 0.  -1.   0.   0.5]]

-4- [100] : -x, -z, y [[0.  0.5 0.5]]
[[-1.   0.   0.   0. ]
 [ 0.   0.  -1.   0.5]
 [ 0.   1.   0.   0.5]]

Identity : x, y, z [[0.5 0.  0.5]]
[[1.  0.  0.  0.5]
 [0.  1.  0.  0. ]
 [0.  0.  1.  0.5]]

3+ [111] : z, x, y [[0.5 0.  0.5]]
[[0.  0.  1.  0.5]
 [1.  0.  0.  0. ]
 [0.  1.  0.  0.5]]

3- [111] : y, z, x [[0.5 0.  0.5]]
[[0.  1.  0.  0.5]
 [0.  0.  1.  0. ]
 [1.  0.  0.  0.5]]

Inversion : -x, -y, -z [[0.5 0.  0.5]]
[[-1.   0.   0.   0.5]
 [ 0.  -1.   0.   0. ]
 [ 0.   0.  -1.   0.5]]

-3+ [111] : -z -x, -y [[0.5 0.  0.5]]
[[ 0.   0.  -1.   0.5]
 [-1.   0.   0.   0. ]
 [ 0.  -1.   0.   0.5]]

-3- [111] : -y, -z, -x [[0.5 0.  0.5]]
[[ 0.  -1.   0.   0.5]
 [ 0.   0.  -1.   0. ]
 [-1.   0.   0.   0.5]]

2 [001] : -x, -y, z [[0.5 0.  0.5]]
[[-1.   0.   0.   0.5]
 [ 0.  -1.   0.   0. ]
 [ 0.   0.   1.   0.5]]

2 [010] : -x, y, -z [[0.5 0.  0.5]]
[[-1.   0.   0.   0.5]
 [ 0.   1.   0.   0. ]
 [ 0.   0.  -1.   0.5]]

2 [100] : x, -y, -z [[0.5 0.  0.5]]
[[ 1.   0.   0.   0.5]
 [ 0.  -1.   0.   0. ]
 [ 0.   0.  -1.   0.5]]

3+ [1-1-1] : -z, -x, y [[0.5 0.  0.5]]
[[ 0.   0.  -1.   0.5]
 [-1.   0.   0.   0. ]
 [ 0.   1.   0.   0.5]]

3- [1-1-1] : -y, z, -x [[0.5 0.  0.5]]
[[ 0.  -1.   0.   0.5]
 [ 0.   0.   1.   0. ]
 [-1.   0.   0.   0.5]]

2 [110] : y, x, -z [[0.5 0.  0.5]]
[[ 0.   1.   0.   0.5]
 [ 1.   0.   0.   0. ]
 [ 0.   0.  -1.   0.5]]

2 [1-10] : -y, -x, -z [[0.5 0.  0.5]]
[[ 0.  -1.   0.   0.5]
 [-1.   0.   0.   0. ]
 [ 0.   0.  -1.   0.5]]

4+ [001] : -y, x, z [[0.5 0.  0.5]]
[[ 0.  -1.   0.   0.5]
 [ 1.   0.   0.   0. ]
 [ 0.   0.   1.   0.5]]

4- [001] : y, -x, z [[0.5 0.  0.5]]
[[ 0.   1.   0.   0.5]
 [-1.   0.   0.   0. ]
 [ 0.   0.   1.   0.5]]

m [001] : x, y, -z [[0.5 0.  0.5]]
[[ 1.   0.   0.   0.5]
 [ 0.   1.   0.   0. ]
 [ 0.   0.  -1.   0.5]]

-3+ [1-1-1] : x, y, z [[0.5 0.  0.5]]
[[ 0.   0.   1.   0.5]
 [ 1.   0.   0.   0. ]
 [ 0.  -1.   0.   0.5]]

-3- [1-1-1] : y, -z, x [[0.5 0.  0.5]]
[[ 0.   1.   0.   0.5]
 [ 0.   0.  -1.   0. ]
 [ 1.   0.   0.   0.5]]

m [110] : -y, -x, z [[0.5 0.  0.5]]
[[ 0.  -1.   0.   0.5]
 [-1.   0.   0.   0. ]
 [ 0.   0.   1.   0.5]]

m [1-10] : y, x, z [[0.5 0.  0.5]]
[[0.  1.  0.  0.5]
 [1.  0.  0.  0. ]
 [0.  0.  1.  0.5]]

-4+ [001] : y, -x, -z [[0.5 0.  0.5]]
[[ 0.   1.   0.   0.5]
 [-1.   0.   0.   0. ]
 [ 0.   0.  -1.   0.5]]

-4- [001] : x, y, z [[0.5 0.  0.5]]
[[ 0.  -1.   0.   0.5]
 [ 1.   0.   0.   0. ]
 [ 0.   0.  -1.   0.5]]

3+ [-11-1] : z, -x, -y [[0.5 0.  0.5]]
[[ 0.   0.   1.   0.5]
 [-1.   0.   0.   0. ]
 [ 0.  -1.   0.   0.5]]

3- [-11-1] : -y, -z, x [[0.5 0.  0.5]]
[[ 0.  -1.   0.   0.5]
 [ 0.   0.  -1.   0. ]
 [ 1.   0.   0.   0.5]]

2 [101] : z, -y, x [[0.5 0.  0.5]]
[[ 0.   0.   1.   0.5]
 [ 0.  -1.   0.   0. ]
 [ 1.   0.   0.   0.5]]

2 [-101] : -z, -y, -x [[0.5 0.  0.5]]
[[ 0.   0.  -1.   0.5]
 [ 0.  -1.   0.   0. ]
 [-1.   0.   0.   0.5]]

4+ [010] : z, y, -x [[0.5 0.  0.5]]
[[ 0.   0.   1.   0.5]
 [ 0.   1.   0.   0. ]
 [-1.   0.   0.   0.5]]

4- [010] : -z, y, x [[0.5 0.  0.5]]
[[ 0.   0.  -1.   0.5]
 [ 0.   1.   0.   0. ]
 [ 1.   0.   0.   0.5]]

m [010] : x, -y, z [[0.5 0.  0.5]]
[[ 1.   0.   0.   0.5]
 [ 0.  -1.   0.   0. ]
 [ 0.   0.   1.   0.5]]

-3+ [-11-1] : -z, x, y [[0.5 0.  0.5]]
[[ 0.   0.  -1.   0.5]
 [ 1.   0.   0.   0. ]
 [ 0.   1.   0.   0.5]]

-3- [-11-1] : y, z, -x [[0.5 0.  0.5]]
[[ 0.   1.   0.   0.5]
 [ 0.   0.   1.   0. ]
 [-1.   0.   0.   0.5]]

m [101] : -z, y, -x [[0.5 0.  0.5]]
[[ 0.   0.  -1.   0.5]
 [ 0.   1.   0.   0. ]
 [-1.   0.   0.   0.5]]

m [-101] : z, y, x [[0.5 0.  0.5]]
[[0.  0.  1.  0.5]
 [0.  1.  0.  0. ]
 [1.  0.  0.  0.5]]

-4+ [010] : -z, -y, x [[0.5 0.  0.5]]
[[ 0.   0.  -1.   0.5]
 [ 0.  -1.   0.   0. ]
 [ 1.   0.   0.   0.5]]

-4- [010] : z, -y, -x [[0.5 0.  0.5]]
[[ 0.   0.   1.   0.5]
 [ 0.  -1.   0.   0. ]
 [-1.   0.   0.   0.5]]

3+ [-1-11] : -z, x, -y [[0.5 0.  0.5]]
[[ 0.   0.  -1.   0.5]
 [ 1.   0.   0.   0. ]
 [ 0.  -1.   0.   0.5]]

3- [-1-11] : y, -z, -x [[0.5 0.  0.5]]
[[ 0.   1.   0.   0.5]
 [ 0.   0.  -1.   0. ]
 [-1.   0.   0.   0.5]]

2 [011] : -x, z, y [[0.5 0.  0.5]]
[[-1.   0.   0.   0.5]
 [ 0.   0.   1.   0. ]
 [ 0.   1.   0.   0.5]]

2 [01-1] : -x, -z, -y [[0.5 0.  0.5]]
[[-1.   0.   0.   0.5]
 [ 0.   0.  -1.   0. ]
 [ 0.  -1.   0.   0.5]]

4+ [100] : x, -z, y [[0.5 0.  0.5]]
[[ 1.   0.   0.   0.5]
 [ 0.   0.  -1.   0. ]
 [ 0.   1.   0.   0.5]]

4- [100] : x, z, -y [[0.5 0.  0.5]]
[[ 1.   0.   0.   0.5]
 [ 0.   0.   1.   0. ]
 [ 0.  -1.   0.   0.5]]

m [100] : -x, y, z [[0.5 0.  0.5]]
[[-1.   0.   0.   0.5]
 [ 0.   1.   0.   0. ]
 [ 0.   0.   1.   0.5]]

-3+ [-1-11] : z, -x, y [[0.5 0.  0.5]]
[[ 0.   0.   1.   0.5]
 [-1.   0.   0.   0. ]
 [ 0.   1.   0.   0.5]]

-3- [-1-11] : -y, z, x [[0.5 0.  0.5]]
[[ 0.  -1.   0.   0.5]
 [ 0.   0.   1.   0. ]
 [ 1.   0.   0.   0.5]]

m [011] : x, -z, -y [[0.5 0.  0.5]]
[[ 1.   0.   0.   0.5]
 [ 0.   0.  -1.   0. ]
 [ 0.  -1.   0.   0.5]]

m [01-1] : x, z, y [[0.5 0.  0.5]]
[[1.  0.  0.  0.5]
 [0.  0.  1.  0. ]
 [0.  1.  0.  0.5]]

-4+ [100] : -x, z, -y [[0.5 0.  0.5]]
[[-1.   0.   0.   0.5]
 [ 0.   0.   1.   0. ]
 [ 0.  -1.   0.   0.5]]

-4- [100] : -x, -z, y [[0.5 0.  0.5]]
[[-1.   0.   0.   0.5]
 [ 0.   0.  -1.   0. ]
 [ 0.   1.   0.   0.5]]

Identity : x, y, z [[0.5 0.5 0. ]]
[[1.  0.  0.  0.5]
 [0.  1.  0.  0.5]
 [0.  0.  1.  0. ]]

3+ [111] : z, x, y [[0.5 0.5 0. ]]
[[0.  0.  1.  0.5]
 [1.  0.  0.  0.5]
 [0.  1.  0.  0. ]]

3- [111] : y, z, x [[0.5 0.5 0. ]]
[[0.  1.  0.  0.5]
 [0.  0.  1.  0.5]
 [1.  0.  0.  0. ]]

Inversion : -x, -y, -z [[0.5 0.5 0. ]]
[[-1.   0.   0.   0.5]
 [ 0.  -1.   0.   0.5]
 [ 0.   0.  -1.   0. ]]

-3+ [111] : -z -x, -y [[0.5 0.5 0. ]]
[[ 0.   0.  -1.   0.5]
 [-1.   0.   0.   0.5]
 [ 0.  -1.   0.   0. ]]

-3- [111] : -y, -z, -x [[0.5 0.5 0. ]]
[[ 0.  -1.   0.   0.5]
 [ 0.   0.  -1.   0.5]
 [-1.   0.   0.   0. ]]

2 [001] : -x, -y, z [[0.5 0.5 0. ]]
[[-1.   0.   0.   0.5]
 [ 0.  -1.   0.   0.5]
 [ 0.   0.   1.   0. ]]

2 [010] : -x, y, -z [[0.5 0.5 0. ]]
[[-1.   0.   0.   0.5]
 [ 0.   1.   0.   0.5]
 [ 0.   0.  -1.   0. ]]

2 [100] : x, -y, -z [[0.5 0.5 0. ]]
[[ 1.   0.   0.   0.5]
 [ 0.  -1.   0.   0.5]
 [ 0.   0.  -1.   0. ]]

3+ [1-1-1] : -z, -x, y [[0.5 0.5 0. ]]
[[ 0.   0.  -1.   0.5]
 [-1.   0.   0.   0.5]
 [ 0.   1.   0.   0. ]]

3- [1-1-1] : -y, z, -x [[0.5 0.5 0. ]]
[[ 0.  -1.   0.   0.5]
 [ 0.   0.   1.   0.5]
 [-1.   0.   0.   0. ]]

2 [110] : y, x, -z [[0.5 0.5 0. ]]
[[ 0.   1.   0.   0.5]
 [ 1.   0.   0.   0.5]
 [ 0.   0.  -1.   0. ]]

2 [1-10] : -y, -x, -z [[0.5 0.5 0. ]]
[[ 0.  -1.   0.   0.5]
 [-1.   0.   0.   0.5]
 [ 0.   0.  -1.   0. ]]

4+ [001] : -y, x, z [[0.5 0.5 0. ]]
[[ 0.  -1.   0.   0.5]
 [ 1.   0.   0.   0.5]
 [ 0.   0.   1.   0. ]]

4- [001] : y, -x, z [[0.5 0.5 0. ]]
[[ 0.   1.   0.   0.5]
 [-1.   0.   0.   0.5]
 [ 0.   0.   1.   0. ]]

m [001] : x, y, -z [[0.5 0.5 0. ]]
[[ 1.   0.   0.   0.5]
 [ 0.   1.   0.   0.5]
 [ 0.   0.  -1.   0. ]]

-3+ [1-1-1] : x, y, z [[0.5 0.5 0. ]]
[[ 0.   0.   1.   0.5]
 [ 1.   0.   0.   0.5]
 [ 0.  -1.   0.   0. ]]

-3- [1-1-1] : y, -z, x [[0.5 0.5 0. ]]
[[ 0.   1.   0.   0.5]
 [ 0.   0.  -1.   0.5]
 [ 1.   0.   0.   0. ]]

m [110] : -y, -x, z [[0.5 0.5 0. ]]
[[ 0.  -1.   0.   0.5]
 [-1.   0.   0.   0.5]
 [ 0.   0.   1.   0. ]]

m [1-10] : y, x, z [[0.5 0.5 0. ]]
[[0.  1.  0.  0.5]
 [1.  0.  0.  0.5]
 [0.  0.  1.  0. ]]

-4+ [001] : y, -x, -z [[0.5 0.5 0. ]]
[[ 0.   1.   0.   0.5]
 [-1.   0.   0.   0.5]
 [ 0.   0.  -1.   0. ]]

-4- [001] : x, y, z [[0.5 0.5 0. ]]
[[ 0.  -1.   0.   0.5]
 [ 1.   0.   0.   0.5]
 [ 0.   0.  -1.   0. ]]

3+ [-11-1] : z, -x, -y [[0.5 0.5 0. ]]
[[ 0.   0.   1.   0.5]
 [-1.   0.   0.   0.5]
 [ 0.  -1.   0.   0. ]]

3- [-11-1] : -y, -z, x [[0.5 0.5 0. ]]
[[ 0.  -1.   0.   0.5]
 [ 0.   0.  -1.   0.5]
 [ 1.   0.   0.   0. ]]

2 [101] : z, -y, x [[0.5 0.5 0. ]]
[[ 0.   0.   1.   0.5]
 [ 0.  -1.   0.   0.5]
 [ 1.   0.   0.   0. ]]

2 [-101] : -z, -y, -x [[0.5 0.5 0. ]]
[[ 0.   0.  -1.   0.5]
 [ 0.  -1.   0.   0.5]
 [-1.   0.   0.   0. ]]

4+ [010] : z, y, -x [[0.5 0.5 0. ]]
[[ 0.   0.   1.   0.5]
 [ 0.   1.   0.   0.5]
 [-1.   0.   0.   0. ]]

4- [010] : -z, y, x [[0.5 0.5 0. ]]
[[ 0.   0.  -1.   0.5]
 [ 0.   1.   0.   0.5]
 [ 1.   0.   0.   0. ]]

m [010] : x, -y, z [[0.5 0.5 0. ]]
[[ 1.   0.   0.   0.5]
 [ 0.  -1.   0.   0.5]
 [ 0.   0.   1.   0. ]]

-3+ [-11-1] : -z, x, y [[0.5 0.5 0. ]]
[[ 0.   0.  -1.   0.5]
 [ 1.   0.   0.   0.5]
 [ 0.   1.   0.   0. ]]

-3- [-11-1] : y, z, -x [[0.5 0.5 0. ]]
[[ 0.   1.   0.   0.5]
 [ 0.   0.   1.   0.5]
 [-1.   0.   0.   0. ]]

m [101] : -z, y, -x [[0.5 0.5 0. ]]
[[ 0.   0.  -1.   0.5]
 [ 0.   1.   0.   0.5]
 [-1.   0.   0.   0. ]]

m [-101] : z, y, x [[0.5 0.5 0. ]]
[[0.  0.  1.  0.5]
 [0.  1.  0.  0.5]
 [1.  0.  0.  0. ]]

-4+ [010] : -z, -y, x [[0.5 0.5 0. ]]
[[ 0.   0.  -1.   0.5]
 [ 0.  -1.   0.   0.5]
 [ 1.   0.   0.   0. ]]

-4- [010] : z, -y, -x [[0.5 0.5 0. ]]
[[ 0.   0.   1.   0.5]
 [ 0.  -1.   0.   0.5]
 [-1.   0.   0.   0. ]]

3+ [-1-11] : -z, x, -y [[0.5 0.5 0. ]]
[[ 0.   0.  -1.   0.5]
 [ 1.   0.   0.   0.5]
 [ 0.  -1.   0.   0. ]]

3- [-1-11] : y, -z, -x [[0.5 0.5 0. ]]
[[ 0.   1.   0.   0.5]
 [ 0.   0.  -1.   0.5]
 [-1.   0.   0.   0. ]]

2 [011] : -x, z, y [[0.5 0.5 0. ]]
[[-1.   0.   0.   0.5]
 [ 0.   0.   1.   0.5]
 [ 0.   1.   0.   0. ]]

2 [01-1] : -x, -z, -y [[0.5 0.5 0. ]]
[[-1.   0.   0.   0.5]
 [ 0.   0.  -1.   0.5]
 [ 0.  -1.   0.   0. ]]

4+ [100] : x, -z, y [[0.5 0.5 0. ]]
[[ 1.   0.   0.   0.5]
 [ 0.   0.  -1.   0.5]
 [ 0.   1.   0.   0. ]]

4- [100] : x, z, -y [[0.5 0.5 0. ]]
[[ 1.   0.   0.   0.5]
 [ 0.   0.   1.   0.5]
 [ 0.  -1.   0.   0. ]]

m [100] : -x, y, z [[0.5 0.5 0. ]]
[[-1.   0.   0.   0.5]
 [ 0.   1.   0.   0.5]
 [ 0.   0.   1.   0. ]]

-3+ [-1-11] : z, -x, y [[0.5 0.5 0. ]]
[[ 0.   0.   1.   0.5]
 [-1.   0.   0.   0.5]
 [ 0.   1.   0.   0. ]]

-3- [-1-11] : -y, z, x [[0.5 0.5 0. ]]
[[ 0.  -1.   0.   0.5]
 [ 0.   0.   1.   0.5]
 [ 1.   0.   0.   0. ]]

m [011] : x, -z, -y [[0.5 0.5 0. ]]
[[ 1.   0.   0.   0.5]
 [ 0.   0.  -1.   0.5]
 [ 0.  -1.   0.   0. ]]

m [01-1] : x, z, y [[0.5 0.5 0. ]]
[[1.  0.  0.  0.5]
 [0.  0.  1.  0.5]
 [0.  1.  0.  0. ]]

-4+ [100] : -x, z, -y [[0.5 0.5 0. ]]
[[-1.   0.   0.   0.5]
 [ 0.   0.   1.   0.5]
 [ 0.  -1.   0.   0. ]]

-4- [100] : -x, -z, y [[0.5 0.5 0. ]]
[[-1.   0.   0.   0.5]
 [ 0.   0.  -1.   0.5]
 [ 0.   1.   0.   0. ]]

